leaf = [10 25 50 100 200 300 600 800];
accTR = [
accTS = [80.9609 81.6726 81.8505 80.7829   81.8505 81.4947 79.8932];
